# oST version 5.0 parameters


[image]

width
640

height
480

[narrow_stereo]

camera matrix
671.905485 0.000000 330.139094
0.000000 904.743377 235.391372
0.000000 0.000000 1.000000

distortion
-0.201884 0.227584 0.003069 -0.005263 0.000000

rectification
1.000000 0.000000 0.000000
0.000000 1.000000 0.000000
0.000000 0.000000 1.000000

projection
647.198181 0.000000 327.401104 0.000000
0.000000 890.935730 235.400754 0.000000
0.000000 0.000000 1.000000 0.000000

